grid-bounds: -5.442902 36.137320 31.159600 44.419430
grid-dimension: 700x300