grid-bounds: -6.000000 37.000000 31.000000 45.000000
grid-dimension: 250x100